250 40 1 10
250.18 40.147 1.0099 10.017
250.37 40.294 1.0198 10.033
250.55 40.441 1.0297 10.05
250.74 40.588 1.0397 10.066
250.92 40.735 1.0496 10.083
251.1 40.881 1.0595 10.099
251.29 41.028 1.0694 10.116
251.47 41.175 1.0793 10.132
251.65 41.322 1.0892 10.149
251.84 41.469 1.0991 10.165
252.02 41.616 1.109 10.182
252.21 41.763 1.119 10.198
252.39 41.91 1.1289 10.215
252.57 42.057 1.1388 10.231
252.76 42.204 1.1487 10.248
252.94 42.35 1.1586 10.264
253.13 42.497 1.1685 10.281
253.31 42.644 1.1784 10.297
253.49 42.791 1.1884 10.314
253.68 42.938 1.1983 10.33
253.86 43.085 1.2082 10.347
254.05 43.232 1.2181 10.363
254.23 43.379 1.228 10.38
254.41 43.526 1.2379 10.396
254.6 43.673 1.2478 10.413
254.78 43.82 1.2578 10.429
254.96 43.966 1.2677 10.446
255.15 44.113 1.2776 10.462
255.33 44.26 1.2875 10.479
255.52 44.407 1.2974 10.495
255.7 44.554 1.3073 10.512
255.88 44.701 1.3172 10.528
256.07 44.848 1.3271 10.545
256.25 44.995 1.3371 10.561
256.44 45.142 1.347 10.578
256.62 45.289 1.3569 10.594
256.8 45.435 1.3668 10.611
256.99 45.582 1.3767 10.627
257.17 45.729 1.3866 10.644
257.36 45.876 1.3965 10.66
257.54 46.023 1.4065 10.677
257.72 46.17 1.4164 10.693
257.91 46.317 1.4263 10.71
258.09 46.464 1.4362 10.726
258.27 46.611 1.4461 10.743
258.46 46.758 1.456 10.759
258.64 46.904 1.4659 10.776
258.83 47.051 1.4759 10.792
259.01 47.198 1.4858 10.809
259.19 47.345 1.4957 10.825
259.38 47.492 1.5056 10.842
259.56 47.639 1.5155 10.858
259.75 47.786 1.5254 10.875
259.93 47.933 1.5353 10.891
260.11 48.08 1.5452 10.908
260.3 48.227 1.5552 10.924
260.48 48.374 1.5651 10.941
260.67 48.52 1.575 10.957
260.85 48.667 1.5849 10.974
261.03 48.814 1.5948 10.99
261.22 48.961 1.6047 11.007
261.4 49.108 1.6146 11.023
261.58 49.255 1.6246 11.04
261.77 49.402 1.6345 11.056
261.95 49.549 1.6444 11.073
262.14 49.696 1.6543 11.089
262.32 49.843 1.6642 11.106
262.5 49.989 1.6741 11.122
262.69 50.136 1.684 11.139
262.87 50.283 1.694 11.155
263.06 50.43 1.7039 11.172
263.24 50.577 1.7138 11.188
263.42 50.724 1.7237 11.205
263.61 50.871 1.7336 11.221
263.79 51.018 1.7435 11.238
263.98 51.165 1.7534 11.254
264.16 51.312 1.7633 11.271
264.34 51.459 1.7733 11.287
264.53 51.605 1.7832 11.304
264.71 51.752 1.7931 11.32
264.89 51.899 1.803 11.337
265.08 52.046 1.8129 11.353
265.26 52.193 1.8228 11.37
265.45 52.34 1.8327 11.386
265.63 52.487 1.8427 11.403
265.81 52.634 1.8526 11.419
266 52.781 1.8625 11.436
266.18 52.928 1.8724 11.452
266.37 53.074 1.8823 11.469
266.55 53.221 1.8922 11.485
266.73 53.368 1.9021 11.502
266.92 53.515 1.9121 11.518
267.1 53.662 1.922 11.535
267.28 53.809 1.9319 11.551
267.47 53.956 1.9418 11.568
267.65 54.103 1.9517 11.584
267.84 54.25 1.9616 11.601
268.02 54.397 1.9715 11.617
268.2 54.543 1.9814 11.634
268.39 54.69 1.9914 11.65
268.57 54.837 2.0013 11.667
268.76 54.984 2.0112 11.683
268.94 55.131 2.0211 11.7
269.12 55.278 2.031 11.716
269.31 55.425 2.0409 11.733
269.49 55.572 2.0508 11.749
269.68 55.719 2.0608 11.766
269.86 55.866 2.0707 11.782
270.04 56.013 2.0806 11.799
270.23 56.159 2.0905 11.815
270.41 56.306 2.1004 11.832
270.59 56.453 2.1103 11.848
270.78 56.6 2.1202 11.865
270.96 56.747 2.1302 11.881
271.15 56.894 2.1401 11.898
271.33 57.041 2.15 11.914
271.51 57.188 2.1599 11.931
271.7 57.335 2.1698 11.947
271.88 57.482 2.1797 11.964
272.07 57.628 2.1896 11.98
272.25 57.775 2.1995 11.997
272.43 57.922 2.2095 12.013
272.62 58.069 2.2194 12.03
272.8 58.216 2.2293 12.046
272.99 58.363 2.2392 12.063
273.17 58.51 2.2491 12.079
273.35 58.657 2.259 12.096
273.54 58.804 2.2689 12.112
273.72 58.951 2.2789 12.129
273.9 59.098 2.2888 12.145
274.09 59.244 2.2987 12.162
274.27 59.391 2.3086 12.178
274.46 59.538 2.3185 12.195
274.64 59.685 2.3284 12.211
274.82 59.832 2.3383 12.228
275.01 59.979 2.3483 12.244
275.19 60.126 2.3582 12.261
275.38 60.273 2.3681 12.277
275.56 60.42 2.378 12.294
275.74 60.567 2.3879 12.31
275.93 60.713 2.3978 12.327
276.11 60.86 2.4077 12.343
276.3 61.007 2.4176 12.36
276.48 61.154 2.4276 12.376
276.66 61.301 2.4375 12.393
276.85 61.448 2.4474 12.409
277.03 61.595 2.4573 12.426
277.21 61.742 2.4672 12.442
277.4 61.889 2.4771 12.459
277.58 62.036 2.487 12.475
277.77 62.182 2.497 12.492
277.95 62.329 2.5069 12.508
278.13 62.476 2.5168 12.525
278.32 62.623 2.5267 12.541
278.5 62.77 2.5366 12.558
278.69 62.917 2.5465 12.574
278.87 63.064 2.5564 12.591
279.05 63.211 2.5664 12.607
279.24 63.358 2.5763 12.624
279.42 63.505 2.5862 12.64
279.61 63.652 2.5961 12.657
279.79 63.798 2.606 12.673
279.97 63.945 2.6159 12.69
280.16 64.092 2.6258 12.706
280.34 64.239 2.6357 12.723
280.52 64.386 2.6457 12.739
280.71 64.533 2.6556 12.756
280.89 64.68 2.6655 12.772
281.08 64.827 2.6754 12.789
281.26 64.974 2.6853 12.805
281.44 65.121 2.6952 12.822
281.63 65.267 2.7051 12.838
281.81 65.414 2.7151 12.855
282 65.561 2.725 12.872
282.18 65.708 2.7349 12.888
282.36 65.855 2.7448 12.905
282.55 66.002 2.7547 12.921
282.73 66.149 2.7646 12.938
282.92 66.296 2.7745 12.954
283.1 66.443 2.7845 12.971
283.28 66.59 2.7944 12.987
283.47 66.737 2.8043 13.004
283.65 66.883 2.8142 13.02
283.83 67.03 2.8241 13.037
284.02 67.177 2.834 13.053
284.2 67.324 2.8439 13.07
284.39 67.471 2.8538 13.086
284.57 67.618 2.8638 13.103
284.75 67.765 2.8737 13.119
284.94 67.912 2.8836 13.136
285.12 68.059 2.8935 13.152
285.31 68.206 2.9034 13.169
285.49 68.352 2.9133 13.185
285.67 68.499 2.9232 13.202
285.86 68.646 2.9332 13.218
286.04 68.793 2.9431 13.235
286.22 68.94 2.953 13.251
286.41 69.087 2.9629 13.268
286.59 69.234 2.9728 13.284
286.78 69.381 2.9827 13.301
286.96 69.528 2.9926 13.317
287.14 69.675 3.0025 13.334
287.33 69.821 3.0125 13.35
287.51 69.968 3.0224 13.367
287.7 70.115 3.0323 13.383
287.88 70.262 3.0422 13.4
288.06 70.409 3.0521 13.416
288.25 70.556 3.062 13.433
288.43 70.703 3.0719 13.449
288.62 70.85 3.0819 13.466
288.8 70.997 3.0918 13.482
288.98 71.144 3.1017 13.499
289.17 71.291 3.1116 13.515
289.35 71.437 3.1215 13.532
289.53 71.584 3.1314 13.548
289.72 71.731 3.1413 13.565
289.9 71.878 3.1513 13.581
290.09 72.025 3.1612 13.598
290.27 72.172 3.1711 13.614
290.45 72.319 3.181 13.631
290.64 72.466 3.1909 13.647
290.82 72.613 3.2008 13.664
291.01 72.76 3.2107 13.68
291.19 72.906 3.2206 13.697
291.37 73.053 3.2306 13.713
291.56 73.2 3.2405 13.73
291.74 73.347 3.2504 13.746
291.93 73.494 3.2603 13.763
292.11 73.641 3.2702 13.779
292.29 73.788 3.2801 13.796
292.48 73.935 3.29 13.812
292.66 74.082 3.3 13.829
292.84 74.229 3.3099 13.845
293.03 74.376 3.3198 13.862
293.21 74.522 3.3297 13.878
293.4 74.669 3.3396 13.895
293.58 74.816 3.3495 13.911
293.76 74.963 3.3594 13.928
293.95 75.11 3.3694 13.944
294.13 75.257 3.3793 13.961
294.32 75.404 3.3892 13.977
294.5 75.551 3.3991 13.994
294.68 75.698 3.409 14.01
294.87 75.845 3.4189 14.027
295.05 75.991 3.4288 14.043
295.24 76.138 3.4387 14.06
295.42 76.285 3.4487 14.076
295.6 76.432 3.4586 14.093
295.79 76.579 3.4685 14.109
295.97 76.726 3.4784 14.126
296.15 76.873 3.4883 14.142
296.34 77.02 3.4982 14.159
296.52 77.167 3.5081 14.175
296.71 77.314 3.5181 14.192
296.89 77.46 3.528 14.208
297.07 77.607 3.5379 14.225
297.26 77.754 3.5478 14.241
297.44 77.901 3.5577 14.258
297.63 78.048 3.5676 14.274
297.81 78.195 3.5775 14.291
297.99 78.342 3.5875 14.307
298.18 78.489 3.5974 14.324
298.36 78.636 3.6073 14.34
298.55 78.783 3.6172 14.357
298.73 78.93 3.6271 14.373
298.91 79.076 3.637 14.39
299.1 79.223 3.6469 14.406
299.28 79.37 3.6568 14.423
299.46 79.517 3.6668 14.439
299.65 79.664 3.6767 14.456
299.83 79.811 3.6866 14.472
300.02 79.958 3.6965 14.489
300.2 80.105 3.7064 14.505
300.38 80.252 3.7163 14.522
300.57 80.399 3.7262 14.538
300.75 80.545 3.7362 14.555
300.94 80.692 3.7461 14.571
301.12 80.839 3.756 14.588
301.3 80.986 3.7659 14.604
301.49 81.133 3.7758 14.621
301.67 81.28 3.7857 14.637
301.85 81.427 3.7956 14.654
302.04 81.574 3.8056 14.67
302.22 81.721 3.8155 14.687
302.41 81.868 3.8254 14.703
302.59 82.015 3.8353 14.72
302.77 82.161 3.8452 14.736
302.96 82.308 3.8551 14.753
303.14 82.455 3.865 14.769
303.33 82.602 3.8749 14.786
303.51 82.749 3.8849 14.802
303.69 82.896 3.8948 14.819
303.88 83.043 3.9047 14.835
304.06 83.19 3.9146 14.852
304.25 83.337 3.9245 14.868
304.43 83.484 3.9344 14.885
304.61 83.63 3.9443 14.901
304.8 83.777 3.9543 14.918
304.98 83.924 3.9642 14.934
305.16 84.071 3.9741 14.951
305.35 84.218 3.984 14.967
305.53 84.365 3.9939 14.984
305.72 84.512 4.0038 15
305.9 84.659 4.0137 15.017
306.08 84.806 4.0237 15.033
306.27 84.953 4.0336 15.05
306.45 85.099 4.0435 15.066
306.64 85.246 4.0534 15.083
306.82 85.393 4.0633 15.099
307 85.54 4.0732 15.116
307.19 85.687 4.0831 15.132
307.37 85.834 4.093 15.149
307.56 85.981 4.103 15.165
307.74 86.128 4.1129 15.182
307.92 86.275 4.1228 15.198
308.11 86.422 4.1327 15.215
308.29 86.569 4.1426 15.231
308.47 86.715 4.1525 15.248
308.66 86.862 4.1624 15.264
308.84 87.009 4.1724 15.281
309.03 87.156 4.1823 15.297
309.21 87.303 4.1922 15.314
309.39 87.45 4.2021 15.33
309.58 87.597 4.212 15.347
309.76 87.744 4.2219 15.363
309.95 87.891 4.2318 15.38
310.13 88.038 4.2418 15.396
310.31 88.184 4.2517 15.413
310.5 88.331 4.2616 15.429
310.68 88.478 4.2715 15.446
310.87 88.625 4.2814 15.462
311.05 88.772 4.2913 15.479
311.23 88.919 4.3012 15.495
311.42 89.066 4.3111 15.512
311.6 89.213 4.3211 15.528
311.78 89.36 4.331 15.545
311.97 89.507 4.3409 15.561
312.15 89.654 4.3508 15.578
312.34 89.8 4.3607 15.594
312.52 89.947 4.3706 15.611
312.7 90.094 4.3805 15.627
312.89 90.241 4.3905 15.644
313.07 90.388 4.4004 15.66
313.26 90.535 4.4103 15.677
313.44 90.682 4.4202 15.694
313.62 90.829 4.4301 15.71
313.81 90.976 4.44 15.727
313.99 91.123 4.4499 15.743
314.18 91.269 4.4599 15.76
314.36 91.416 4.4698 15.776
314.54 91.563 4.4797 15.793
314.73 91.71 4.4896 15.809
314.91 91.857 4.4995 15.826
315.09 92.004 4.5094 15.842
315.28 92.151 4.5193 15.859
315.46 92.298 4.5292 15.875
315.65 92.445 4.5392 15.892
315.83 92.592 4.5491 15.908
316.01 92.739 4.559 15.925
316.2 92.885 4.5689 15.941
316.38 93.032 4.5788 15.958
316.57 93.179 4.5887 15.974
316.75 93.326 4.5986 15.991
316.93 93.473 4.6086 16.007
317.12 93.62 4.6185 16.024
317.3 93.767 4.6284 16.04
317.49 93.914 4.6383 16.057
317.67 94.061 4.6482 16.073
317.85 94.208 4.6581 16.09
318.04 94.354 4.668 16.106
318.22 94.501 4.678 16.123
318.4 94.648 4.6879 16.139
318.59 94.795 4.6978 16.156
318.77 94.942 4.7077 16.172
318.96 95.089 4.7176 16.189
319.14 95.236 4.7275 16.205
319.32 95.383 4.7374 16.222
319.51 95.53 4.7473 16.238
319.69 95.677 4.7573 16.255
319.88 95.823 4.7672 16.271
320.06 95.97 4.7771 16.288
320.24 96.117 4.787 16.304
320.43 96.264 4.7969 16.321
320.61 96.411 4.8068 16.337
320.79 96.558 4.8167 16.354
320.98 96.705 4.8267 16.37
321.16 96.852 4.8366 16.387
321.35 96.999 4.8465 16.403
321.53 97.146 4.8564 16.42
321.71 97.293 4.8663 16.436
321.9 97.439 4.8762 16.453
322.08 97.586 4.8861 16.469
322.27 97.733 4.8961 16.486
322.45 97.88 4.906 16.502
322.63 98.027 4.9159 16.519
322.82 98.174 4.9258 16.535
323 98.321 4.9357 16.552
323.19 98.468 4.9456 16.568
323.37 98.615 4.9555 16.585
323.55 98.762 4.9654 16.601
323.74 98.908 4.9754 16.618
323.92 99.055 4.9853 16.634
324.1 99.202 4.9952 16.651
324.29 99.349 5.0051 16.667
324.47 99.496 5.015 16.684
324.66 99.643 5.0249 16.7
324.84 99.79 5.0348 16.717
325.02 99.937 5.0448 16.733
325.21 100.08 5.0547 16.75
325.39 100.23 5.0646 16.766
325.58 100.38 5.0745 16.783
325.76 100.52 5.0844 16.799
325.94 100.67 5.0943 16.816
326.13 100.82 5.1042 16.832
326.31 100.97 5.1141 16.849
326.5 101.11 5.1241 16.865
326.68 101.26 5.134 16.882
326.86 101.41 5.1439 16.898
327.05 101.55 5.1538 16.915
327.23 101.7 5.1637 16.931
327.41 101.85 5.1736 16.948
327.6 101.99 5.1835 16.964
327.78 102.14 5.1935 16.981
327.97 102.29 5.2034 16.997
328.15 102.43 5.2133 17.014
328.33 102.58 5.2232 17.03
328.52 102.73 5.2331 17.047
328.7 102.87 5.243 17.063
328.89 103.02 5.2529 17.08
329.07 103.17 5.2629 17.096
329.25 103.32 5.2728 17.113
329.44 103.46 5.2827 17.129
329.62 103.61 5.2926 17.146
329.81 103.76 5.3025 17.162
329.99 103.9 5.3124 17.179
330.17 104.05 5.3223 17.195
330.36 104.2 5.3322 17.212
330.54 104.34 5.3422 17.228
330.72 104.49 5.3521 17.245
330.91 104.64 5.362 17.261
331.09 104.78 5.3719 17.278
331.28 104.93 5.3818 17.294
331.46 105.08 5.3917 17.311
331.64 105.23 5.4016 17.327
331.83 105.37 5.4116 17.344
332.01 105.52 5.4215 17.36
332.2 105.67 5.4314 17.377
332.38 105.81 5.4413 17.393
332.56 105.96 5.4512 17.41
332.75 106.11 5.4611 17.426
332.93 106.25 5.471 17.443
333.12 106.4 5.481 17.459
333.3 106.55 5.4909 17.476
333.48 106.69 5.5008 17.492
333.67 106.84 5.5107 17.509
333.85 106.99 5.5206 17.525
334.03 107.14 5.5305 17.542
334.22 107.28 5.5404 17.558
334.4 107.43 5.5503 17.575
334.59 107.58 5.5603 17.591
334.77 107.72 5.5702 17.608
334.95 107.87 5.5801 17.624
335.14 108.02 5.59 17.641
335.32 108.16 5.5999 17.657
335.51 108.31 5.6098 17.674
335.69 108.46 5.6197 17.69
335.87 108.6 5.6297 17.707
336.06 108.75 5.6396 17.723
336.24 108.9 5.6495 17.74
336.42 109.04 5.6594 17.756
336.61 109.19 5.6693 17.773
336.79 109.34 5.6792 17.789
336.98 109.49 5.6891 17.806
337.16 109.63 5.6991 17.822
337.34 109.78 5.709 17.839
337.53 109.93 5.7189 17.855
337.71 110.07 5.7288 17.872
337.9 110.22 5.7387 17.888
338.08 110.37 5.7486 17.905
338.26 110.51 5.7585 17.921
338.45 110.66 5.7684 17.938
338.63 110.81 5.7784 17.954
338.82 110.95 5.7883 17.971
339 111.1 5.7982 17.987
339.18 111.25 5.8081 18.004
339.37 111.4 5.818 18.02
339.55 111.54 5.8279 18.037
339.73 111.69 5.8378 18.053
339.92 111.84 5.8478 18.07
340.1 111.98 5.8577 18.086
340.29 112.13 5.8676 18.103
340.47 112.28 5.8775 18.119
340.65 112.42 5.8874 18.136
340.84 112.57 5.8973 18.152
341.02 112.72 5.9072 18.169
341.21 112.86 5.9172 18.185
341.39 113.01 5.9271 18.202
341.57 113.16 5.937 18.218
341.76 113.31 5.9469 18.235
341.94 113.45 5.9568 18.251
342.13 113.6 5.9667 18.268
342.31 113.75 5.9766 18.284
342.49 113.89 5.9865 18.301
342.68 114.04 5.9965 18.317
342.86 114.19 6.0064 18.334
343.04 114.33 6.0163 18.35
343.23 114.48 6.0262 18.367
343.41 114.63 6.0361 18.383
343.6 114.77 6.046 18.4
343.78 114.92 6.0559 18.416
343.96 115.07 6.0659 18.433
344.15 115.21 6.0758 18.449
344.33 115.36 6.0857 18.466
344.52 115.51 6.0956 18.482
344.7 115.66 6.1055 18.499
344.88 115.8 6.1154 18.515
345.07 115.95 6.1253 18.532
345.25 116.1 6.1353 18.549
345.44 116.24 6.1452 18.565
345.62 116.39 6.1551 18.582
345.8 116.54 6.165 18.598
345.99 116.68 6.1749 18.615
346.17 116.83 6.1848 18.631
346.35 116.98 6.1947 18.648
346.54 117.12 6.2046 18.664
346.72 117.27 6.2146 18.681
346.91 117.42 6.2245 18.697
347.09 117.57 6.2344 18.714
347.27 117.71 6.2443 18.73
347.46 117.86 6.2542 18.747
347.64 118.01 6.2641 18.763
347.83 118.15 6.274 18.78
348.01 118.3 6.284 18.796
348.19 118.45 6.2939 18.813
348.38 118.59 6.3038 18.829
348.56 118.74 6.3137 18.846
348.75 118.89 6.3236 18.862
348.93 119.03 6.3335 18.879
349.11 119.18 6.3434 18.895
349.3 119.33 6.3534 18.912
349.48 119.48 6.3633 18.928
349.66 119.62 6.3732 18.945
349.85 119.77 6.3831 18.961
350.03 119.92 6.393 18.978
350.22 120.06 6.4029 18.994
350.4 120.21 6.4128 19.011
350.58 120.36 6.4227 19.027
350.77 120.5 6.4327 19.044
350.95 120.65 6.4426 19.06
351.14 120.8 6.4525 19.077
351.32 120.94 6.4624 19.093
351.5 121.09 6.4723 19.11
351.69 121.24 6.4822 19.126
351.87 121.38 6.4921 19.143
352.06 121.53 6.5021 19.159
352.24 121.68 6.512 19.176
352.42 121.83 6.5219 19.192
352.61 121.97 6.5318 19.209
352.79 122.12 6.5417 19.225
352.97 122.27 6.5516 19.242
353.16 122.41 6.5615 19.258
353.34 122.56 6.5715 19.275
353.53 122.71 6.5814 19.291
353.71 122.85 6.5913 19.308
353.89 123 6.6012 19.324
354.08 123.15 6.6111 19.341
354.26 123.29 6.621 19.357
354.45 123.44 6.6309 19.374
354.63 123.59 6.6408 19.39
354.81 123.74 6.6508 19.407
355 123.88 6.6607 19.423
355.18 124.03 6.6706 19.44
355.36 124.18 6.6805 19.456
355.55 124.32 6.6904 19.473
355.73 124.47 6.7003 19.489
355.92 124.62 6.7102 19.506
356.1 124.76 6.7202 19.522
356.28 124.91 6.7301 19.539
356.47 125.06 6.74 19.555
356.65 125.2 6.7499 19.572
356.84 125.35 6.7598 19.588
357.02 125.5 6.7697 19.605
357.2 125.64 6.7796 19.621
357.39 125.79 6.7896 19.638
357.57 125.94 6.7995 19.654
357.76 126.09 6.8094 19.671
357.94 126.23 6.8193 19.687
358.12 126.38 6.8292 19.704
358.31 126.53 6.8391 19.72
358.49 126.67 6.849 19.737
358.67 126.82 6.8589 19.753
358.86 126.97 6.8689 19.77
359.04 127.11 6.8788 19.786
359.23 127.26 6.8887 19.803
359.41 127.41 6.8986 19.819
359.59 127.55 6.9085 19.836
359.78 127.7 6.9184 19.852
359.96 127.85 6.9283 19.869
360.15 128 6.9383 19.885
360.33 128.14 6.9482 19.902
360.51 128.29 6.9581 19.918
360.7 128.44 6.968 19.935
360.88 128.58 6.9779 19.951
361.07 128.73 6.9878 19.968
361.25 128.88 6.9977 19.984
361.43 129.02 7.0076 20.001
361.62 129.17 7.0176 20.017
361.8 129.32 7.0275 20.034
361.98 129.46 7.0374 20.05
362.17 129.61 7.0473 20.067
362.35 129.76 7.0572 20.083
362.54 129.91 7.0671 20.1
362.72 130.05 7.077 20.116
362.9 130.2 7.087 20.133
363.09 130.35 7.0969 20.149
363.27 130.49 7.1068 20.166
363.46 130.64 7.1167 20.182
363.64 130.79 7.1266 20.199
363.82 130.93 7.1365 20.215
364.01 131.08 7.1464 20.232
364.19 131.23 7.1564 20.248
364.38 131.37 7.1663 20.265
364.56 131.52 7.1762 20.281
364.74 131.67 7.1861 20.298
364.93 131.81 7.196 20.314
365.11 131.96 7.2059 20.331
365.29 132.11 7.2158 20.347
365.48 132.26 7.2257 20.364
365.66 132.4 7.2357 20.38
365.85 132.55 7.2456 20.397
366.03 132.7 7.2555 20.413
366.21 132.84 7.2654 20.43
366.4 132.99 7.2753 20.446
366.58 133.14 7.2852 20.463
366.77 133.28 7.2951 20.479
366.95 133.43 7.3051 20.496
367.13 133.58 7.315 20.512
367.32 133.72 7.3249 20.529
367.5 133.87 7.3348 20.545
367.69 134.02 7.3447 20.562
367.87 134.17 7.3546 20.578
368.05 134.31 7.3645 20.595
368.24 134.46 7.3745 20.611
368.42 134.61 7.3844 20.628
368.6 134.75 7.3943 20.644
368.79 134.9 7.4042 20.661
368.97 135.05 7.4141 20.677
369.16 135.19 7.424 20.694
369.34 135.34 7.4339 20.71
369.52 135.49 7.4438 20.727
369.71 135.63 7.4538 20.743
369.89 135.78 7.4637 20.76
370.08 135.93 7.4736 20.776
370.26 136.08 7.4835 20.793
370.44 136.22 7.4934 20.809
370.63 136.37 7.5033 20.826
370.81 136.52 7.5132 20.842
370.99 136.66 7.5232 20.859
371.18 136.81 7.5331 20.875
371.36 136.96 7.543 20.892
371.55 137.1 7.5529 20.908
371.73 137.25 7.5628 20.925
371.91 137.4 7.5727 20.941
372.1 137.54 7.5826 20.958
372.28 137.69 7.5926 20.974
372.47 137.84 7.6025 20.991
372.65 137.98 7.6124 21.007
372.83 138.13 7.6223 21.024
373.02 138.28 7.6322 21.04
373.2 138.43 7.6421 21.057
373.39 138.57 7.652 21.073
373.57 138.72 7.6619 21.09
373.75 138.87 7.6719 21.106
373.94 139.01 7.6818 21.123
374.12 139.16 7.6917 21.139
374.3 139.31 7.7016 21.156
374.49 139.45 7.7115 21.172
374.67 139.6 7.7214 21.189
374.86 139.75 7.7313 21.205
375.04 139.89 7.7413 21.222
375.22 140.04 7.7512 21.238
375.41 140.19 7.7611 21.255
375.59 140.34 7.771 21.271
375.78 140.48 7.7809 21.288
375.96 140.63 7.7908 21.304
376.14 140.78 7.8007 21.321
376.33 140.92 7.8107 21.337
376.51 141.07 7.8206 21.354
376.7 141.22 7.8305 21.371
376.88 141.36 7.8404 21.387
377.06 141.51 7.8503 21.404
377.25 141.66 7.8602 21.42
377.43 141.8 7.8701 21.437
377.61 141.95 7.88 21.453
377.8 142.1 7.89 21.47
377.98 142.25 7.8999 21.486
378.17 142.39 7.9098 21.503
378.35 142.54 7.9197 21.519
378.53 142.69 7.9296 21.536
378.72 142.83 7.9395 21.552
378.9 142.98 7.9494 21.569
379.09 143.13 7.9594 21.585
379.27 143.27 7.9693 21.602
379.45 143.42 7.9792 21.618
379.64 143.57 7.9891 21.635
379.82 143.71 7.999 21.651
380.01 143.86 8.0089 21.668
380.19 144.01 8.0188 21.684
380.37 144.15 8.0288 21.701
380.56 144.3 8.0387 21.717
380.74 144.45 8.0486 21.734
380.92 144.6 8.0585 21.75
381.11 144.74 8.0684 21.767
381.29 144.89 8.0783 21.783
381.48 145.04 8.0882 21.8
381.66 145.18 8.0981 21.816
381.84 145.33 8.1081 21.833
382.03 145.48 8.118 21.849
382.21 145.62 8.1279 21.866
382.4 145.77 8.1378 21.882
382.58 145.92 8.1477 21.899
382.76 146.06 8.1576 21.915
382.95 146.21 8.1675 21.932
383.13 146.36 8.1775 21.948
383.32 146.51 8.1874 21.965
383.5 146.65 8.1973 21.981
383.68 146.8 8.2072 21.998
383.87 146.95 8.2171 22.014
384.05 147.09 8.227 22.031
384.23 147.24 8.2369 22.047
384.42 147.39 8.2469 22.064
384.6 147.53 8.2568 22.08
384.79 147.68 8.2667 22.097
384.97 147.83 8.2766 22.113
385.15 147.97 8.2865 22.13
385.34 148.12 8.2964 22.146
385.52 148.27 8.3063 22.163
385.71 148.42 8.3162 22.179
385.89 148.56 8.3262 22.196
386.07 148.71 8.3361 22.212
386.26 148.86 8.346 22.229
386.44 149 8.3559 22.245
386.62 149.15 8.3658 22.262
386.81 149.3 8.3757 22.278
386.99 149.44 8.3856 22.295
387.18 149.59 8.3956 22.311
387.36 149.74 8.4055 22.328
387.54 149.88 8.4154 22.344
387.73 150.03 8.4253 22.361
387.91 150.18 8.4352 22.377
388.1 150.32 8.4451 22.394
388.28 150.47 8.455 22.41
388.46 150.62 8.465 22.427
388.65 150.77 8.4749 22.443
388.83 150.91 8.4848 22.46
389.02 151.06 8.4947 22.476
389.2 151.21 8.5046 22.493
389.38 151.35 8.5145 22.509
389.57 151.5 8.5244 22.526
389.75 151.65 8.5343 22.542
389.93 151.79 8.5443 22.559
390.12 151.94 8.5542 22.575
390.3 152.09 8.5641 22.592
390.49 152.23 8.574 22.608
390.67 152.38 8.5839 22.625
390.85 152.53 8.5938 22.641
391.04 152.68 8.6037 22.658
391.22 152.82 8.6137 22.674
391.41 152.97 8.6236 22.691
391.59 153.12 8.6335 22.707
391.77 153.26 8.6434 22.724
391.96 153.41 8.6533 22.74
392.14 153.56 8.6632 22.757
392.33 153.7 8.6731 22.773
392.51 153.85 8.6831 22.79
392.69 154 8.693 22.806
392.88 154.14 8.7029 22.823
393.06 154.29 8.7128 22.839
393.24 154.44 8.7227 22.856
393.43 154.59 8.7326 22.872
393.61 154.73 8.7425 22.889
393.8 154.88 8.7524 22.905
393.98 155.03 8.7624 22.922
394.16 155.17 8.7723 22.938
394.35 155.32 8.7822 22.955
394.53 155.47 8.7921 22.971
394.72 155.61 8.802 22.988
394.9 155.76 8.8119 23.004
395.08 155.91 8.8218 23.021
395.27 156.05 8.8318 23.037
395.45 156.2 8.8417 23.054
395.64 156.35 8.8516 23.07
395.82 156.49 8.8615 23.087
396 156.64 8.8714 23.103
396.19 156.79 8.8813 23.12
396.37 156.94 8.8912 23.136
396.55 157.08 8.9012 23.153
396.74 157.23 8.9111 23.169
396.92 157.38 8.921 23.186
397.11 157.52 8.9309 23.202
397.29 157.67 8.9408 23.219
397.47 157.82 8.9507 23.235
397.66 157.96 8.9606 23.252
397.84 158.11 8.9705 23.268
398.03 158.26 8.9805 23.285
398.21 158.4 8.9904 23.301
398.39 158.55 9.0003 23.318
398.58 158.7 9.0102 23.334
398.76 158.85 9.0201 23.351
398.95 158.99 9.03 23.367
399.13 159.14 9.0399 23.384
399.31 159.29 9.0499 23.4
399.5 159.43 9.0598 23.417
399.68 159.58 9.0697 23.433
399.86 159.73 9.0796 23.45
400.05 159.87 9.0895 23.466
400.23 160.02 9.0994 23.483
400.42 160.17 9.1093 23.499
400.6 160.31 9.1192 23.516
400.78 160.46 9.1292 23.532
400.97 160.61 9.1391 23.549
401.15 160.76 9.149 23.565
401.34 160.9 9.1589 23.582
401.52 161.05 9.1688 23.598
401.7 161.2 9.1787 23.615
401.89 161.34 9.1886 23.631
402.07 161.49 9.1986 23.648
402.26 161.64 9.2085 23.664
402.44 161.78 9.2184 23.681
402.62 161.93 9.2283 23.697
402.81 162.08 9.2382 23.714
402.99 162.22 9.2481 23.73
403.17 162.37 9.258 23.747
403.36 162.52 9.268 23.763
403.54 162.66 9.2779 23.78
403.73 162.81 9.2878 23.796
403.91 162.96 9.2977 23.813
404.09 163.11 9.3076 23.829
404.28 163.25 9.3175 23.846
404.46 163.4 9.3274 23.862
404.65 163.55 9.3373 23.879
404.83 163.69 9.3473 23.895
405.01 163.84 9.3572 23.912
405.2 163.99 9.3671 23.928
405.38 164.13 9.377 23.945
405.56 164.28 9.3869 23.961
405.75 164.43 9.3968 23.978
405.93 164.57 9.4067 23.994
406.12 164.72 9.4167 24.011
406.3 164.87 9.4266 24.027
406.48 165.02 9.4365 24.044
406.67 165.16 9.4464 24.06
406.85 165.31 9.4563 24.077
407.04 165.46 9.4662 24.093
407.22 165.6 9.4761 24.11
407.4 165.75 9.4861 24.126
407.59 165.9 9.496 24.143
407.77 166.04 9.5059 24.159
407.96 166.19 9.5158 24.176
408.14 166.34 9.5257 24.192
408.32 166.48 9.5356 24.209
408.51 166.63 9.5455 24.226
408.69 166.78 9.5554 24.242
408.87 166.92 9.5654 24.259
409.06 167.07 9.5753 24.275
409.24 167.22 9.5852 24.292
409.43 167.37 9.5951 24.308
409.61 167.51 9.605 24.325
409.79 167.66 9.6149 24.341
409.98 167.81 9.6248 24.358
410.16 167.95 9.6348 24.374
410.35 168.1 9.6447 24.391
410.53 168.25 9.6546 24.407
410.71 168.39 9.6645 24.424
410.9 168.54 9.6744 24.44
411.08 168.69 9.6843 24.457
411.27 168.83 9.6942 24.473
411.45 168.98 9.7042 24.49
411.63 169.13 9.7141 24.506
411.82 169.28 9.724 24.523
412 169.42 9.7339 24.539
412.18 169.57 9.7438 24.556
412.37 169.72 9.7537 24.572
412.55 169.86 9.7636 24.589
412.74 170.01 9.7735 24.605
412.92 170.16 9.7835 24.622
413.1 170.3 9.7934 24.638
413.29 170.45 9.8033 24.655
413.47 170.6 9.8132 24.671
413.66 170.74 9.8231 24.688
413.84 170.89 9.833 24.704
414.02 171.04 9.8429 24.721
414.21 171.19 9.8529 24.737
414.39 171.33 9.8628 24.754
414.58 171.48 9.8727 24.77
414.76 171.63 9.8826 24.787
414.94 171.77 9.8925 24.803
415.13 171.92 9.9024 24.82
415.31 172.07 9.9123 24.836
415.49 172.21 9.9223 24.853
415.68 172.36 9.9322 24.869
415.86 172.51 9.9421 24.886
416.05 172.65 9.952 24.902
416.23 172.8 9.9619 24.919
416.41 172.95 9.9718 24.935
416.6 173.09 9.9817 24.952
416.78 173.24 9.9916 24.968
416.97 173.39 10.002 24.985
417.15 173.54 10.011 25.001
417.33 173.68 10.021 25.018
417.52 173.83 10.031 25.034
417.7 173.98 10.041 25.051
417.89 174.12 10.051 25.067
418.07 174.27 10.061 25.084
418.25 174.42 10.071 25.1
418.44 174.56 10.081 25.117
418.62 174.71 10.091 25.133
418.8 174.86 10.101 25.15
418.99 175 10.111 25.166
419.17 175.15 10.121 25.183
419.36 175.3 10.13 25.199
419.54 175.45 10.14 25.216
419.72 175.59 10.15 25.232
419.91 175.74 10.16 25.249
420.09 175.89 10.17 25.265
420.28 176.03 10.18 25.282
420.46 176.18 10.19 25.298
420.64 176.33 10.2 25.315
420.83 176.47 10.21 25.331
421.01 176.62 10.22 25.348
421.19 176.77 10.23 25.364
421.38 176.91 10.239 25.381
421.56 177.06 10.249 25.397
421.75 177.21 10.259 25.414
421.93 177.36 10.269 25.43
422.11 177.5 10.279 25.447
422.3 177.65 10.289 25.463
422.48 177.8 10.299 25.48
422.67 177.94 10.309 25.496
422.85 178.09 10.319 25.513
423.03 178.24 10.329 25.529
423.22 178.38 10.339 25.546
423.4 178.53 10.349 25.562
423.59 178.68 10.358 25.579
423.77 178.82 10.368 25.595
423.95 178.97 10.378 25.612
424.14 179.12 10.388 25.628
424.32 179.26 10.398 25.645
424.5 179.41 10.408 25.661
424.69 179.56 10.418 25.678
424.87 179.71 10.428 25.694
425.06 179.85 10.438 25.711
425.24 180 10.448 25.727
425.42 180.15 10.458 25.744
425.61 180.29 10.468 25.76
425.79 180.44 10.477 25.777
425.98 180.59 10.487 25.793
426.16 180.73 10.497 25.81
426.34 180.88 10.507 25.826
426.53 181.03 10.517 25.843
426.71 181.17 10.527 25.859
426.9 181.32 10.537 25.876
427.08 181.47 10.547 25.892
427.26 181.62 10.557 25.909
427.45 181.76 10.567 25.925
427.63 181.91 10.577 25.942
427.81 182.06 10.586 25.958
428 182.2 10.596 25.975
428.18 182.35 10.606 25.991
428.37 182.5 10.616 26.008
428.55 182.64 10.626 26.024
428.73 182.79 10.636 26.041
428.92 182.94 10.646 26.057
429.1 183.08 10.656 26.074
429.29 183.23 10.666 26.09
429.47 183.38 10.676 26.107
429.65 183.53 10.686 26.123
429.84 183.67 10.696 26.14
430.02 183.82 10.705 26.156
430.21 183.97 10.715 26.173
430.39 184.11 10.725 26.189
430.57 184.26 10.735 26.206
430.76 184.41 10.745 26.222
430.94 184.55 10.755 26.239
431.12 184.7 10.765 26.255
431.31 184.85 10.775 26.272
431.49 184.99 10.785 26.288
431.68 185.14 10.795 26.305
431.86 185.29 10.805 26.321
432.04 185.43 10.814 26.338
432.23 185.58 10.824 26.354
432.41 185.73 10.834 26.371
432.6 185.88 10.844 26.387
432.78 186.02 10.854 26.404
432.96 186.17 10.864 26.42
433.15 186.32 10.874 26.437
433.33 186.46 10.884 26.453
433.52 186.61 10.894 26.47
433.7 186.76 10.904 26.486
