250 40 4 10
250.18 40.147 4.0069 10.017
250.37 40.294 4.0138 10.033
250.55 40.441 4.0207 10.05
250.74 40.588 4.0276 10.066
250.92 40.735 4.0346 10.083
251.1 40.881 4.0415 10.099
251.29 41.028 4.0484 10.116
251.47 41.175 4.0553 10.132
251.65 41.322 4.0622 10.149
251.84 41.469 4.0691 10.165
252.02 41.616 4.076 10.182
252.21 41.763 4.0829 10.198
252.39 41.91 4.0898 10.215
252.57 42.057 4.0967 10.231
252.76 42.204 4.1037 10.248
252.94 42.35 4.1106 10.264
253.13 42.497 4.1175 10.281
253.31 42.644 4.1244 10.297
253.49 42.791 4.1313 10.314
253.68 42.938 4.1382 10.33
253.86 43.085 4.1451 10.347
254.05 43.232 4.152 10.363
254.23 43.379 4.1589 10.38
254.41 43.526 4.1659 10.396
254.6 43.673 4.1728 10.413
254.78 43.82 4.1797 10.429
254.96 43.966 4.1866 10.446
255.15 44.113 4.1935 10.462
255.33 44.26 4.2004 10.479
255.52 44.407 4.2073 10.495
255.7 44.554 4.2142 10.512
255.88 44.701 4.2211 10.528
256.07 44.848 4.2281 10.545
256.25 44.995 4.235 10.561
256.44 45.142 4.2419 10.578
256.62 45.289 4.2488 10.594
256.8 45.435 4.2557 10.611
256.99 45.582 4.2626 10.627
257.17 45.729 4.2695 10.644
257.36 45.876 4.2764 10.66
257.54 46.023 4.2833 10.677
257.72 46.17 4.2902 10.693
257.91 46.317 4.2972 10.71
258.09 46.464 4.3041 10.726
258.27 46.611 4.311 10.743
258.46 46.758 4.3179 10.759
258.64 46.904 4.3248 10.776
258.83 47.051 4.3317 10.792
259.01 47.198 4.3386 10.809
259.19 47.345 4.3455 10.825
259.38 47.492 4.3524 10.842
259.56 47.639 4.3594 10.858
259.75 47.786 4.3663 10.875
259.93 47.933 4.3732 10.891
260.11 48.08 4.3801 10.908
260.3 48.227 4.387 10.924
260.48 48.374 4.3939 10.941
260.67 48.52 4.4008 10.957
260.85 48.667 4.4077 10.974
261.03 48.814 4.4146 10.99
261.22 48.961 4.4215 11.007
261.4 49.108 4.4285 11.023
261.58 49.255 4.4354 11.04
261.77 49.402 4.4423 11.056
261.95 49.549 4.4492 11.073
262.14 49.696 4.4561 11.089
262.32 49.843 4.463 11.106
262.5 49.989 4.4699 11.122
262.69 50.136 4.4768 11.139
262.87 50.283 4.4837 11.155
263.06 50.43 4.4907 11.172
263.24 50.577 4.4976 11.188
263.42 50.724 4.5045 11.205
263.61 50.871 4.5114 11.221
263.79 51.018 4.5183 11.238
263.98 51.165 4.5252 11.254
264.16 51.312 4.5321 11.271
264.34 51.459 4.539 11.287
264.53 51.605 4.5459 11.304
264.71 51.752 4.5528 11.32
264.89 51.899 4.5598 11.337
265.08 52.046 4.5667 11.353
265.26 52.193 4.5736 11.37
265.45 52.34 4.5805 11.386
265.63 52.487 4.5874 11.403
265.81 52.634 4.5943 11.419
266 52.781 4.6012 11.436
266.18 52.928 4.6081 11.452
266.37 53.074 4.615 11.469
266.55 53.221 4.622 11.485
266.73 53.368 4.6289 11.502
266.92 53.515 4.6358 11.518
267.1 53.662 4.6427 11.535
267.28 53.809 4.6496 11.551
267.47 53.956 4.6565 11.568
267.65 54.103 4.6634 11.584
267.84 54.25 4.6703 11.601
268.02 54.397 4.6772 11.617
268.2 54.543 4.6842 11.634
268.39 54.69 4.6911 11.65
268.57 54.837 4.698 11.667
268.76 54.984 4.7049 11.683
268.94 55.131 4.7118 11.7
269.12 55.278 4.7187 11.716
269.31 55.425 4.7256 11.733
269.49 55.572 4.7325 11.749
269.68 55.719 4.7394 11.766
269.86 55.866 4.7463 11.782
270.04 56.013 4.7533 11.799
270.23 56.159 4.7602 11.815
270.41 56.306 4.7671 11.832
270.59 56.453 4.774 11.848
270.78 56.6 4.7809 11.865
270.96 56.747 4.7878 11.881
271.15 56.894 4.7947 11.898
271.33 57.041 4.8016 11.914
271.51 57.188 4.8085 11.931
271.7 57.335 4.8155 11.947
271.88 57.482 4.8224 11.964
272.07 57.628 4.8293 11.98
272.25 57.775 4.8362 11.997
272.43 57.922 4.8431 12.013
272.62 58.069 4.85 12.03
272.8 58.216 4.8569 12.046
272.99 58.363 4.8638 12.063
273.17 58.51 4.8707 12.079
273.35 58.657 4.8776 12.096
273.54 58.804 4.8846 12.112
273.72 58.951 4.8915 12.129
273.9 59.098 4.8984 12.145
274.09 59.244 4.9053 12.162
274.27 59.391 4.9122 12.178
274.46 59.538 4.9191 12.195
274.64 59.685 4.926 12.211
274.82 59.832 4.9329 12.228
275.01 59.979 4.9398 12.244
275.19 60.126 4.9468 12.261
275.38 60.273 4.9537 12.277
275.56 60.42 4.9606 12.294
275.74 60.567 4.9675 12.31
275.93 60.713 4.9744 12.327
276.11 60.86 4.9813 12.343
276.3 61.007 4.9882 12.36
276.48 61.154 4.9951 12.376
276.66 61.301 5.002 12.393
276.85 61.448 5.0089 12.409
277.03 61.595 5.0159 12.426
277.21 61.742 5.0228 12.442
277.4 61.889 5.0297 12.459
277.58 62.036 5.0366 12.475
277.77 62.182 5.0435 12.492
277.95 62.329 5.0504 12.508
278.13 62.476 5.0573 12.525
278.32 62.623 5.0642 12.541
278.5 62.77 5.0711 12.558
278.69 62.917 5.0781 12.574
278.87 63.064 5.085 12.591
279.05 63.211 5.0919 12.607
279.24 63.358 5.0988 12.624
279.42 63.505 5.1057 12.64
279.61 63.652 5.1126 12.657
279.79 63.798 5.1195 12.673
279.97 63.945 5.1264 12.69
280.16 64.092 5.1333 12.706
280.34 64.239 5.1403 12.723
280.52 64.386 5.1472 12.739
280.71 64.533 5.1541 12.756
280.89 64.68 5.161 12.772
281.08 64.827 5.1679 12.789
281.26 64.974 5.1748 12.805
281.44 65.121 5.1817 12.822
281.63 65.267 5.1886 12.838
281.81 65.414 5.1955 12.855
282 65.561 5.2024 12.872
282.18 65.708 5.2094 12.888
282.36 65.855 5.2163 12.905
282.55 66.002 5.2232 12.921
282.73 66.149 5.2301 12.938
282.92 66.296 5.237 12.954
283.1 66.443 5.2439 12.971
283.28 66.59 5.2508 12.987
283.47 66.737 5.2577 13.004
283.65 66.883 5.2646 13.02
283.83 67.03 5.2716 13.037
284.02 67.177 5.2785 13.053
284.2 67.324 5.2854 13.07
284.39 67.471 5.2923 13.086
284.57 67.618 5.2992 13.103
284.75 67.765 5.3061 13.119
284.94 67.912 5.313 13.136
285.12 68.059 5.3199 13.152
285.31 68.206 5.3268 13.169
285.49 68.352 5.3337 13.185
285.67 68.499 5.3407 13.202
285.86 68.646 5.3476 13.218
286.04 68.793 5.3545 13.235
286.22 68.94 5.3614 13.251
286.41 69.087 5.3683 13.268
286.59 69.234 5.3752 13.284
286.78 69.381 5.3821 13.301
286.96 69.528 5.389 13.317
287.14 69.675 5.3959 13.334
287.33 69.821 5.4029 13.35
287.51 69.968 5.4098 13.367
287.7 70.115 5.4167 13.383
287.88 70.262 5.4236 13.4
288.06 70.409 5.4305 13.416
288.25 70.556 5.4374 13.433
288.43 70.703 5.4443 13.449
288.62 70.85 5.4512 13.466
288.8 70.997 5.4581 13.482
288.98 71.144 5.465 13.499
289.17 71.291 5.472 13.515
289.35 71.437 5.4789 13.532
289.53 71.584 5.4858 13.548
289.72 71.731 5.4927 13.565
289.9 71.878 5.4996 13.581
290.09 72.025 5.5065 13.598
290.27 72.172 5.5134 13.614
290.45 72.319 5.5203 13.631
290.64 72.466 5.5272 13.647
290.82 72.613 5.5342 13.664
291.01 72.76 5.5411 13.68
291.19 72.906 5.548 13.697
291.37 73.053 5.5549 13.713
291.56 73.2 5.5618 13.73
291.74 73.347 5.5687 13.746
291.93 73.494 5.5756 13.763
292.11 73.641 5.5825 13.779
292.29 73.788 5.5894 13.796
292.48 73.935 5.5964 13.812
292.66 74.082 5.6033 13.829
292.84 74.229 5.6102 13.845
293.03 74.376 5.6171 13.862
293.21 74.522 5.624 13.878
293.4 74.669 5.6309 13.895
293.58 74.816 5.6378 13.911
293.76 74.963 5.6447 13.928
293.95 75.11 5.6516 13.944
294.13 75.257 5.6585 13.961
294.32 75.404 5.6655 13.977
294.5 75.551 5.6724 13.994
294.68 75.698 5.6793 14.01
294.87 75.845 5.6862 14.027
295.05 75.991 5.6931 14.043
295.24 76.138 5.7 14.06
295.42 76.285 5.7069 14.076
295.6 76.432 5.7138 14.093
295.79 76.579 5.7207 14.109
295.97 76.726 5.7277 14.126
296.15 76.873 5.7346 14.142
296.34 77.02 5.7415 14.159
296.52 77.167 5.7484 14.175
296.71 77.314 5.7553 14.192
296.89 77.46 5.7622 14.208
297.07 77.607 5.7691 14.225
297.26 77.754 5.776 14.241
297.44 77.901 5.7829 14.258
297.63 78.048 5.7898 14.274
297.81 78.195 5.7968 14.291
297.99 78.342 5.8037 14.307
298.18 78.489 5.8106 14.324
298.36 78.636 5.8175 14.34
298.55 78.783 5.8244 14.357
298.73 78.93 5.8313 14.373
298.91 79.076 5.8382 14.39
299.1 79.223 5.8451 14.406
299.28 79.37 5.852 14.423
299.46 79.517 5.859 14.439
299.65 79.664 5.8659 14.456
299.83 79.811 5.8728 14.472
300.02 79.958 5.8797 14.489
300.2 80.105 5.8866 14.505
300.38 80.252 5.8935 14.522
300.57 80.399 5.9004 14.538
300.75 80.545 5.9073 14.555
300.94 80.692 5.9142 14.571
301.12 80.839 5.9211 14.588
301.3 80.986 5.9281 14.604
301.49 81.133 5.935 14.621
301.67 81.28 5.9419 14.637
301.85 81.427 5.9488 14.654
302.04 81.574 5.9557 14.67
302.22 81.721 5.9626 14.687
302.41 81.868 5.9695 14.703
302.59 82.015 5.9764 14.72
302.77 82.161 5.9833 14.736
302.96 82.308 5.9903 14.753
303.14 82.455 5.9972 14.769
303.33 82.602 6.0041 14.786
303.51 82.749 6.011 14.802
303.69 82.896 6.0179 14.819
303.88 83.043 6.0248 14.835
304.06 83.19 6.0317 14.852
304.25 83.337 6.0386 14.868
304.43 83.484 6.0455 14.885
304.61 83.63 6.0525 14.901
304.8 83.777 6.0594 14.918
304.98 83.924 6.0663 14.934
305.16 84.071 6.0732 14.951
305.35 84.218 6.0801 14.967
305.53 84.365 6.087 14.984
305.72 84.512 6.0939 15
305.9 84.659 6.1008 15.017
306.08 84.806 6.1077 15.033
306.27 84.953 6.1146 15.05
306.45 85.099 6.1216 15.066
306.64 85.246 6.1285 15.083
306.82 85.393 6.1354 15.099
307 85.54 6.1423 15.116
307.19 85.687 6.1492 15.132
307.37 85.834 6.1561 15.149
307.56 85.981 6.163 15.165
307.74 86.128 6.1699 15.182
307.92 86.275 6.1768 15.198
308.11 86.422 6.1838 15.215
308.29 86.569 6.1907 15.231
308.47 86.715 6.1976 15.248
308.66 86.862 6.2045 15.264
308.84 87.009 6.2114 15.281
309.03 87.156 6.2183 15.297
309.21 87.303 6.2252 15.314
309.39 87.45 6.2321 15.33
309.58 87.597 6.239 15.347
309.76 87.744 6.2459 15.363
309.95 87.891 6.2529 15.38
310.13 88.038 6.2598 15.396
310.31 88.184 6.2667 15.413
310.5 88.331 6.2736 15.429
310.68 88.478 6.2805 15.446
310.87 88.625 6.2874 15.462
311.05 88.772 6.2943 15.479
311.23 88.919 6.3012 15.495
311.42 89.066 6.3081 15.512
311.6 89.213 6.3151 15.528
311.78 89.36 6.322 15.545
311.97 89.507 6.3289 15.561
312.15 89.654 6.3358 15.578
312.34 89.8 6.3427 15.594
312.52 89.947 6.3496 15.611
312.7 90.094 6.3565 15.627
312.89 90.241 6.3634 15.644
313.07 90.388 6.3703 15.66
313.26 90.535 6.3773 15.677
313.44 90.682 6.3842 15.694
313.62 90.829 6.3911 15.71
313.81 90.976 6.398 15.727
313.99 91.123 6.4049 15.743
314.18 91.269 6.4118 15.76
314.36 91.416 6.4187 15.776
314.54 91.563 6.4256 15.793
314.73 91.71 6.4325 15.809
314.91 91.857 6.4394 15.826
315.09 92.004 6.4464 15.842
315.28 92.151 6.4533 15.859
315.46 92.298 6.4602 15.875
315.65 92.445 6.4671 15.892
315.83 92.592 6.474 15.908
316.01 92.739 6.4809 15.925
316.2 92.885 6.4878 15.941
316.38 93.032 6.4947 15.958
316.57 93.179 6.5016 15.974
316.75 93.326 6.5086 15.991
316.93 93.473 6.5155 16.007
317.12 93.62 6.5224 16.024
317.3 93.767 6.5293 16.04
317.49 93.914 6.5362 16.057
317.67 94.061 6.5431 16.073
317.85 94.208 6.55 16.09
318.04 94.354 6.5569 16.106
318.22 94.501 6.5638 16.123
318.4 94.648 6.5707 16.139
318.59 94.795 6.5777 16.156
318.77 94.942 6.5846 16.172
318.96 95.089 6.5915 16.189
319.14 95.236 6.5984 16.205
319.32 95.383 6.6053 16.222
319.51 95.53 6.6122 16.238
319.69 95.677 6.6191 16.255
319.88 95.823 6.626 16.271
320.06 95.97 6.6329 16.288
320.24 96.117 6.6399 16.304
320.43 96.264 6.6468 16.321
320.61 96.411 6.6537 16.337
320.79 96.558 6.6606 16.354
320.98 96.705 6.6675 16.37
321.16 96.852 6.6744 16.387
321.35 96.999 6.6813 16.403
321.53 97.146 6.6882 16.42
321.71 97.293 6.6951 16.436
321.9 97.439 6.702 16.453
322.08 97.586 6.709 16.469
322.27 97.733 6.7159 16.486
322.45 97.88 6.7228 16.502
322.63 98.027 6.7297 16.519
322.82 98.174 6.7366 16.535
323 98.321 6.7435 16.552
323.19 98.468 6.7504 16.568
323.37 98.615 6.7573 16.585
323.55 98.762 6.7642 16.601
323.74 98.908 6.7712 16.618
323.92 99.055 6.7781 16.634
324.1 99.202 6.785 16.651
324.29 99.349 6.7919 16.667
324.47 99.496 6.7988 16.684
324.66 99.643 6.8057 16.7
324.84 99.79 6.8126 16.717
325.02 99.937 6.8195 16.733
325.21 100.08 6.8264 16.75
325.39 100.23 6.8334 16.766
325.58 100.38 6.8403 16.783
325.76 100.52 6.8472 16.799
325.94 100.67 6.8541 16.816
326.13 100.82 6.861 16.832
326.31 100.97 6.8679 16.849
326.5 101.11 6.8748 16.865
326.68 101.26 6.8817 16.882
326.86 101.41 6.8886 16.898
327.05 101.55 6.8955 16.915
327.23 101.7 6.9025 16.931
327.41 101.85 6.9094 16.948
327.6 101.99 6.9163 16.964
327.78 102.14 6.9232 16.981
327.97 102.29 6.9301 16.997
328.15 102.43 6.937 17.014
328.33 102.58 6.9439 17.03
328.52 102.73 6.9508 17.047
328.7 102.87 6.9577 17.063
328.89 103.02 6.9647 17.08
329.07 103.17 6.9716 17.096
329.25 103.32 6.9785 17.113
329.44 103.46 6.9854 17.129
329.62 103.61 6.9923 17.146
329.81 103.76 6.9992 17.162
329.99 103.9 7.0061 17.179
330.17 104.05 7.013 17.195
330.36 104.2 7.0199 17.212
330.54 104.34 7.0268 17.228
330.72 104.49 7.0338 17.245
330.91 104.64 7.0407 17.261
331.09 104.78 7.0476 17.278
331.28 104.93 7.0545 17.294
331.46 105.08 7.0614 17.311
331.64 105.23 7.0683 17.327
331.83 105.37 7.0752 17.344
332.01 105.52 7.0821 17.36
332.2 105.67 7.089 17.377
332.38 105.81 7.096 17.393
332.56 105.96 7.1029 17.41
332.75 106.11 7.1098 17.426
332.93 106.25 7.1167 17.443
333.12 106.4 7.1236 17.459
333.3 106.55 7.1305 17.476
333.48 106.69 7.1374 17.492
333.67 106.84 7.1443 17.509
333.85 106.99 7.1512 17.525
334.03 107.14 7.1581 17.542
334.22 107.28 7.1651 17.558
334.4 107.43 7.172 17.575
334.59 107.58 7.1789 17.591
334.77 107.72 7.1858 17.608
334.95 107.87 7.1927 17.624
335.14 108.02 7.1996 17.641
335.32 108.16 7.2065 17.657
335.51 108.31 7.2134 17.674
335.69 108.46 7.2203 17.69
335.87 108.6 7.2273 17.707
336.06 108.75 7.2342 17.723
336.24 108.9 7.2411 17.74
336.42 109.04 7.248 17.756
336.61 109.19 7.2549 17.773
336.79 109.34 7.2618 17.789
336.98 109.49 7.2687 17.806
337.16 109.63 7.2756 17.822
337.34 109.78 7.2825 17.839
337.53 109.93 7.2895 17.855
337.71 110.07 7.2964 17.872
337.9 110.22 7.3033 17.888
338.08 110.37 7.3102 17.905
338.26 110.51 7.3171 17.921
338.45 110.66 7.324 17.938
338.63 110.81 7.3309 17.954
338.82 110.95 7.3378 17.971
339 111.1 7.3447 17.987
339.18 111.25 7.3516 18.004
339.37 111.4 7.3586 18.02
339.55 111.54 7.3655 18.037
339.73 111.69 7.3724 18.053
339.92 111.84 7.3793 18.07
340.1 111.98 7.3862 18.086
340.29 112.13 7.3931 18.103
340.47 112.28 7.4 18.119
340.65 112.42 7.4069 18.136
340.84 112.57 7.4138 18.152
341.02 112.72 7.4208 18.169
341.21 112.86 7.4277 18.185
341.39 113.01 7.4346 18.202
341.57 113.16 7.4415 18.218
341.76 113.31 7.4484 18.235
341.94 113.45 7.4553 18.251
342.13 113.6 7.4622 18.268
342.31 113.75 7.4691 18.284
342.49 113.89 7.476 18.301
342.68 114.04 7.4829 18.317
342.86 114.19 7.4899 18.334
343.04 114.33 7.4968 18.35
343.23 114.48 7.5037 18.367
343.41 114.63 7.5106 18.383
343.6 114.77 7.5175 18.4
343.78 114.92 7.5244 18.416
343.96 115.07 7.5313 18.433
344.15 115.21 7.5382 18.449
344.33 115.36 7.5451 18.466
344.52 115.51 7.5521 18.482
344.7 115.66 7.559 18.499
344.88 115.8 7.5659 18.515
345.07 115.95 7.5728 18.532
345.25 116.1 7.5797 18.549
345.44 116.24 7.5866 18.565
345.62 116.39 7.5935 18.582
345.8 116.54 7.6004 18.598
345.99 116.68 7.6073 18.615
346.17 116.83 7.6142 18.631
346.35 116.98 7.6212 18.648
346.54 117.12 7.6281 18.664
346.72 117.27 7.635 18.681
346.91 117.42 7.6419 18.697
347.09 117.57 7.6488 18.714
347.27 117.71 7.6557 18.73
347.46 117.86 7.6626 18.747
347.64 118.01 7.6695 18.763
347.83 118.15 7.6764 18.78
348.01 118.3 7.6834 18.796
348.19 118.45 7.6903 18.813
348.38 118.59 7.6972 18.829
348.56 118.74 7.7041 18.846
348.75 118.89 7.711 18.862
348.93 119.03 7.7179 18.879
349.11 119.18 7.7248 18.895
349.3 119.33 7.7317 18.912
349.48 119.48 7.7386 18.928
349.66 119.62 7.7456 18.945
349.85 119.77 7.7525 18.961
350.03 119.92 7.7594 18.978
350.22 120.06 7.7663 18.994
350.4 120.21 7.7732 19.011
350.58 120.36 7.7801 19.027
350.77 120.5 7.787 19.044
350.95 120.65 7.7939 19.06
351.14 120.8 7.8008 19.077
351.32 120.94 7.8077 19.093
351.5 121.09 7.8147 19.11
351.69 121.24 7.8216 19.126
351.87 121.38 7.8285 19.143
352.06 121.53 7.8354 19.159
352.24 121.68 7.8423 19.176
352.42 121.83 7.8492 19.192
352.61 121.97 7.8561 19.209
352.79 122.12 7.863 19.225
352.97 122.27 7.8699 19.242
353.16 122.41 7.8769 19.258
353.34 122.56 7.8838 19.275
353.53 122.71 7.8907 19.291
353.71 122.85 7.8976 19.308
353.89 123 7.9045 19.324
354.08 123.15 7.9114 19.341
354.26 123.29 7.9183 19.357
354.45 123.44 7.9252 19.374
354.63 123.59 7.9321 19.39
354.81 123.74 7.939 19.407
355 123.88 7.946 19.423
355.18 124.03 7.9529 19.44
355.36 124.18 7.9598 19.456
355.55 124.32 7.9667 19.473
355.73 124.47 7.9736 19.489
355.92 124.62 7.9805 19.506
356.1 124.76 7.9874 19.522
356.28 124.91 7.9943 19.539
356.47 125.06 8.0012 19.555
356.65 125.2 8.0082 19.572
356.84 125.35 8.0151 19.588
357.02 125.5 8.022 19.605
357.2 125.64 8.0289 19.621
357.39 125.79 8.0358 19.638
357.57 125.94 8.0427 19.654
357.76 126.09 8.0496 19.671
357.94 126.23 8.0565 19.687
358.12 126.38 8.0634 19.704
358.31 126.53 8.0703 19.72
358.49 126.67 8.0773 19.737
358.67 126.82 8.0842 19.753
358.86 126.97 8.0911 19.77
359.04 127.11 8.098 19.786
359.23 127.26 8.1049 19.803
359.41 127.41 8.1118 19.819
359.59 127.55 8.1187 19.836
359.78 127.7 8.1256 19.852
359.96 127.85 8.1325 19.869
360.15 128 8.1395 19.885
360.33 128.14 8.1464 19.902
360.51 128.29 8.1533 19.918
360.7 128.44 8.1602 19.935
360.88 128.58 8.1671 19.951
361.07 128.73 8.174 19.968
361.25 128.88 8.1809 19.984
361.43 129.02 8.1878 20.001
361.62 129.17 8.1947 20.017
361.8 129.32 8.2017 20.034
361.98 129.46 8.2086 20.05
362.17 129.61 8.2155 20.067
362.35 129.76 8.2224 20.083
362.54 129.91 8.2293 20.1
362.72 130.05 8.2362 20.116
362.9 130.2 8.2431 20.133
363.09 130.35 8.25 20.149
363.27 130.49 8.2569 20.166
363.46 130.64 8.2638 20.182
363.64 130.79 8.2708 20.199
363.82 130.93 8.2777 20.215
364.01 131.08 8.2846 20.232
364.19 131.23 8.2915 20.248
364.38 131.37 8.2984 20.265
364.56 131.52 8.3053 20.281
364.74 131.67 8.3122 20.298
364.93 131.81 8.3191 20.314
365.11 131.96 8.326 20.331
365.29 132.11 8.333 20.347
365.48 132.26 8.3399 20.364
365.66 132.4 8.3468 20.38
365.85 132.55 8.3537 20.397
366.03 132.7 8.3606 20.413
366.21 132.84 8.3675 20.43
366.4 132.99 8.3744 20.446
366.58 133.14 8.3813 20.463
366.77 133.28 8.3882 20.479
366.95 133.43 8.3951 20.496
367.13 133.58 8.4021 20.512
367.32 133.72 8.409 20.529
367.5 133.87 8.4159 20.545
367.69 134.02 8.4228 20.562
367.87 134.17 8.4297 20.578
368.05 134.31 8.4366 20.595
368.24 134.46 8.4435 20.611
368.42 134.61 8.4504 20.628
368.6 134.75 8.4573 20.644
368.79 134.9 8.4643 20.661
368.97 135.05 8.4712 20.677
369.16 135.19 8.4781 20.694
369.34 135.34 8.485 20.71
369.52 135.49 8.4919 20.727
369.71 135.63 8.4988 20.743
369.89 135.78 8.5057 20.76
370.08 135.93 8.5126 20.776
370.26 136.08 8.5195 20.793
370.44 136.22 8.5264 20.809
370.63 136.37 8.5334 20.826
370.81 136.52 8.5403 20.842
370.99 136.66 8.5472 20.859
371.18 136.81 8.5541 20.875
371.36 136.96 8.561 20.892
371.55 137.1 8.5679 20.908
371.73 137.25 8.5748 20.925
371.91 137.4 8.5817 20.941
372.1 137.54 8.5886 20.958
372.28 137.69 8.5956 20.974
372.47 137.84 8.6025 20.991
372.65 137.98 8.6094 21.007
372.83 138.13 8.6163 21.024
373.02 138.28 8.6232 21.04
373.2 138.43 8.6301 21.057
373.39 138.57 8.637 21.073
373.57 138.72 8.6439 21.09
373.75 138.87 8.6508 21.106
373.94 139.01 8.6578 21.123
374.12 139.16 8.6647 21.139
374.3 139.31 8.6716 21.156
374.49 139.45 8.6785 21.172
374.67 139.6 8.6854 21.189
374.86 139.75 8.6923 21.205
375.04 139.89 8.6992 21.222
375.22 140.04 8.7061 21.238
375.41 140.19 8.713 21.255
375.59 140.34 8.7199 21.271
375.78 140.48 8.7269 21.288
375.96 140.63 8.7338 21.304
376.14 140.78 8.7407 21.321
376.33 140.92 8.7476 21.337
376.51 141.07 8.7545 21.354
376.7 141.22 8.7614 21.371
376.88 141.36 8.7683 21.387
377.06 141.51 8.7752 21.404
377.25 141.66 8.7821 21.42
377.43 141.8 8.7891 21.437
377.61 141.95 8.796 21.453
377.8 142.1 8.8029 21.47
377.98 142.25 8.8098 21.486
378.17 142.39 8.8167 21.503
378.35 142.54 8.8236 21.519
378.53 142.69 8.8305 21.536
378.72 142.83 8.8374 21.552
378.9 142.98 8.8443 21.569
379.09 143.13 8.8512 21.585
379.27 143.27 8.8582 21.602
379.45 143.42 8.8651 21.618
379.64 143.57 8.872 21.635
379.82 143.71 8.8789 21.651
380.01 143.86 8.8858 21.668
380.19 144.01 8.8927 21.684
380.37 144.15 8.8996 21.701
380.56 144.3 8.9065 21.717
380.74 144.45 8.9134 21.734
380.92 144.6 8.9204 21.75
381.11 144.74 8.9273 21.767
381.29 144.89 8.9342 21.783
381.48 145.04 8.9411 21.8
381.66 145.18 8.948 21.816
381.84 145.33 8.9549 21.833
382.03 145.48 8.9618 21.849
382.21 145.62 8.9687 21.866
382.4 145.77 8.9756 21.882
382.58 145.92 8.9826 21.899
382.76 146.06 8.9895 21.915
382.95 146.21 8.9964 21.932
383.13 146.36 9.0033 21.948
383.32 146.51 9.0102 21.965
383.5 146.65 9.0171 21.981
383.68 146.8 9.024 21.998
383.87 146.95 9.0309 22.014
384.05 147.09 9.0378 22.031
384.23 147.24 9.0447 22.047
384.42 147.39 9.0517 22.064
384.6 147.53 9.0586 22.08
384.79 147.68 9.0655 22.097
384.97 147.83 9.0724 22.113
385.15 147.97 9.0793 22.13
385.34 148.12 9.0862 22.146
385.52 148.27 9.0931 22.163
385.71 148.42 9.1 22.179
385.89 148.56 9.1069 22.196
386.07 148.71 9.1139 22.212
386.26 148.86 9.1208 22.229
386.44 149 9.1277 22.245
386.62 149.15 9.1346 22.262
386.81 149.3 9.1415 22.278
386.99 149.44 9.1484 22.295
387.18 149.59 9.1553 22.311
387.36 149.74 9.1622 22.328
387.54 149.88 9.1691 22.344
387.73 150.03 9.176 22.361
387.91 150.18 9.183 22.377
388.1 150.32 9.1899 22.394
388.28 150.47 9.1968 22.41
388.46 150.62 9.2037 22.427
388.65 150.77 9.2106 22.443
388.83 150.91 9.2175 22.46
389.02 151.06 9.2244 22.476
389.2 151.21 9.2313 22.493
389.38 151.35 9.2382 22.509
389.57 151.5 9.2452 22.526
389.75 151.65 9.2521 22.542
389.93 151.79 9.259 22.559
390.12 151.94 9.2659 22.575
390.3 152.09 9.2728 22.592
390.49 152.23 9.2797 22.608
390.67 152.38 9.2866 22.625
390.85 152.53 9.2935 22.641
391.04 152.68 9.3004 22.658
391.22 152.82 9.3073 22.674
391.41 152.97 9.3143 22.691
391.59 153.12 9.3212 22.707
391.77 153.26 9.3281 22.724
391.96 153.41 9.335 22.74
392.14 153.56 9.3419 22.757
392.33 153.7 9.3488 22.773
392.51 153.85 9.3557 22.79
392.69 154 9.3626 22.806
392.88 154.14 9.3695 22.823
393.06 154.29 9.3765 22.839
393.24 154.44 9.3834 22.856
393.43 154.59 9.3903 22.872
393.61 154.73 9.3972 22.889
393.8 154.88 9.4041 22.905
393.98 155.03 9.411 22.922
394.16 155.17 9.4179 22.938
394.35 155.32 9.4248 22.955
394.53 155.47 9.4317 22.971
394.72 155.61 9.4387 22.988
394.9 155.76 9.4456 23.004
395.08 155.91 9.4525 23.021
395.27 156.05 9.4594 23.037
395.45 156.2 9.4663 23.054
395.64 156.35 9.4732 23.07
395.82 156.49 9.4801 23.087
396 156.64 9.487 23.103
396.19 156.79 9.4939 23.12
396.37 156.94 9.5008 23.136
396.55 157.08 9.5078 23.153
396.74 157.23 9.5147 23.169
396.92 157.38 9.5216 23.186
397.11 157.52 9.5285 23.202
397.29 157.67 9.5354 23.219
397.47 157.82 9.5423 23.235
397.66 157.96 9.5492 23.252
397.84 158.11 9.5561 23.268
398.03 158.26 9.563 23.285
398.21 158.4 9.57 23.301
398.39 158.55 9.5769 23.318
398.58 158.7 9.5838 23.334
398.76 158.85 9.5907 23.351
398.95 158.99 9.5976 23.367
399.13 159.14 9.6045 23.384
399.31 159.29 9.6114 23.4
399.5 159.43 9.6183 23.417
399.68 159.58 9.6252 23.433
399.86 159.73 9.6321 23.45
400.05 159.87 9.6391 23.466
400.23 160.02 9.646 23.483
400.42 160.17 9.6529 23.499
400.6 160.31 9.6598 23.516
400.78 160.46 9.6667 23.532
400.97 160.61 9.6736 23.549
401.15 160.76 9.6805 23.565
401.34 160.9 9.6874 23.582
401.52 161.05 9.6943 23.598
401.7 161.2 9.7013 23.615
401.89 161.34 9.7082 23.631
402.07 161.49 9.7151 23.648
402.26 161.64 9.722 23.664
402.44 161.78 9.7289 23.681
402.62 161.93 9.7358 23.697
402.81 162.08 9.7427 23.714
402.99 162.22 9.7496 23.73
403.17 162.37 9.7565 23.747
403.36 162.52 9.7634 23.763
403.54 162.66 9.7704 23.78
403.73 162.81 9.7773 23.796
403.91 162.96 9.7842 23.813
404.09 163.11 9.7911 23.829
404.28 163.25 9.798 23.846
404.46 163.4 9.8049 23.862
404.65 163.55 9.8118 23.879
404.83 163.69 9.8187 23.895
405.01 163.84 9.8256 23.912
405.2 163.99 9.8326 23.928
405.38 164.13 9.8395 23.945
405.56 164.28 9.8464 23.961
405.75 164.43 9.8533 23.978
405.93 164.57 9.8602 23.994
406.12 164.72 9.8671 24.011
406.3 164.87 9.874 24.027
406.48 165.02 9.8809 24.044
406.67 165.16 9.8878 24.06
406.85 165.31 9.8948 24.077
407.04 165.46 9.9017 24.093
407.22 165.6 9.9086 24.11
407.4 165.75 9.9155 24.126
407.59 165.9 9.9224 24.143
407.77 166.04 9.9293 24.159
407.96 166.19 9.9362 24.176
408.14 166.34 9.9431 24.192
408.32 166.48 9.95 24.209
408.51 166.63 9.9569 24.226
408.69 166.78 9.9639 24.242
408.87 166.92 9.9708 24.259
409.06 167.07 9.9777 24.275
409.24 167.22 9.9846 24.292
409.43 167.37 9.9915 24.308
409.61 167.51 9.9984 24.325
409.79 167.66 10.005 24.341
409.98 167.81 10.012 24.358
410.16 167.95 10.019 24.374
410.35 168.1 10.026 24.391
410.53 168.25 10.033 24.407
410.71 168.39 10.04 24.424
410.9 168.54 10.047 24.44
411.08 168.69 10.054 24.457
411.27 168.83 10.061 24.473
411.45 168.98 10.068 24.49
411.63 169.13 10.074 24.506
411.82 169.28 10.081 24.523
412 169.42 10.088 24.539
412.18 169.57 10.095 24.556
412.37 169.72 10.102 24.572
412.55 169.86 10.109 24.589
412.74 170.01 10.116 24.605
412.92 170.16 10.123 24.622
413.1 170.3 10.13 24.638
413.29 170.45 10.137 24.655
413.47 170.6 10.144 24.671
413.66 170.74 10.15 24.688
413.84 170.89 10.157 24.704
414.02 171.04 10.164 24.721
414.21 171.19 10.171 24.737
414.39 171.33 10.178 24.754
414.58 171.48 10.185 24.77
414.76 171.63 10.192 24.787
414.94 171.77 10.199 24.803
415.13 171.92 10.206 24.82
415.31 172.07 10.213 24.836
415.49 172.21 10.22 24.853
415.68 172.36 10.226 24.869
415.86 172.51 10.233 24.886
416.05 172.65 10.24 24.902
416.23 172.8 10.247 24.919
416.41 172.95 10.254 24.935
416.6 173.09 10.261 24.952
416.78 173.24 10.268 24.968
416.97 173.39 10.275 24.985
417.15 173.54 10.282 25.001
417.33 173.68 10.289 25.018
417.52 173.83 10.296 25.034
417.7 173.98 10.302 25.051
417.89 174.12 10.309 25.067
418.07 174.27 10.316 25.084
418.25 174.42 10.323 25.1
418.44 174.56 10.33 25.117
418.62 174.71 10.337 25.133
418.8 174.86 10.344 25.15
418.99 175 10.351 25.166
419.17 175.15 10.358 25.183
419.36 175.3 10.365 25.199
419.54 175.45 10.372 25.216
419.72 175.59 10.378 25.232
419.91 175.74 10.385 25.249
420.09 175.89 10.392 25.265
420.28 176.03 10.399 25.282
420.46 176.18 10.406 25.298
420.64 176.33 10.413 25.315
420.83 176.47 10.42 25.331
421.01 176.62 10.427 25.348
421.19 176.77 10.434 25.364
421.38 176.91 10.441 25.381
421.56 177.06 10.448 25.397
421.75 177.21 10.455 25.414
421.93 177.36 10.461 25.43
422.11 177.5 10.468 25.447
422.3 177.65 10.475 25.463
422.48 177.8 10.482 25.48
422.67 177.94 10.489 25.496
422.85 178.09 10.496 25.513
423.03 178.24 10.503 25.529
423.22 178.38 10.51 25.546
423.4 178.53 10.517 25.562
423.59 178.68 10.524 25.579
423.77 178.82 10.531 25.595
423.95 178.97 10.537 25.612
424.14 179.12 10.544 25.628
424.32 179.26 10.551 25.645
424.5 179.41 10.558 25.661
424.69 179.56 10.565 25.678
424.87 179.71 10.572 25.694
425.06 179.85 10.579 25.711
425.24 180 10.586 25.727
425.42 180.15 10.593 25.744
425.61 180.29 10.6 25.76
425.79 180.44 10.607 25.777
425.98 180.59 10.613 25.793
426.16 180.73 10.62 25.81
426.34 180.88 10.627 25.826
426.53 181.03 10.634 25.843
426.71 181.17 10.641 25.859
426.9 181.32 10.648 25.876
427.08 181.47 10.655 25.892
427.26 181.62 10.662 25.909
427.45 181.76 10.669 25.925
427.63 181.91 10.676 25.942
427.81 182.06 10.683 25.958
428 182.2 10.689 25.975
428.18 182.35 10.696 25.991
428.37 182.5 10.703 26.008
428.55 182.64 10.71 26.024
428.73 182.79 10.717 26.041
428.92 182.94 10.724 26.057
429.1 183.08 10.731 26.074
429.29 183.23 10.738 26.09
429.47 183.38 10.745 26.107
429.65 183.53 10.752 26.123
429.84 183.67 10.759 26.14
430.02 183.82 10.765 26.156
430.21 183.97 10.772 26.173
430.39 184.11 10.779 26.189
430.57 184.26 10.786 26.206
430.76 184.41 10.793 26.222
430.94 184.55 10.8 26.239
431.12 184.7 10.807 26.255
431.31 184.85 10.814 26.272
431.49 184.99 10.821 26.288
431.68 185.14 10.828 26.305
431.86 185.29 10.835 26.321
432.04 185.43 10.842 26.338
432.23 185.58 10.848 26.354
432.41 185.73 10.855 26.371
432.6 185.88 10.862 26.387
432.78 186.02 10.869 26.404
432.96 186.17 10.876 26.42
433.15 186.32 10.883 26.437
433.33 186.46 10.89 26.453
433.52 186.61 10.897 26.47
433.7 186.76 10.904 26.486
